SKEL_ROOT 0.000028 0.007130 -0.018707
SKEL_Pelvis 0.000028 0.007130 -0.018707
SKEL_L_Thigh 0.096169 0.007326 -0.092216
SKEL_L_Calf 0.127477 0.024245 -0.497169
SKEL_L_Foot 0.158469 0.058569 -0.907532
SKEL_L_Toe0 0.164564 -0.094757 -0.957672
IK_L_Foot 0.161500 -0.018068 -1.000000
PH_L_Foot 0.161500 -0.018068 -1.000000
MH_L_Knee 0.126958 0.023923 -0.490677
SKEL_R_Thigh -0.096098 0.007373 -0.092216
SKEL_R_Calf -0.127392 0.024226 -0.497169
SKEL_R_Foot -0.158523 0.058637 -0.907532
SKEL_R_Toe0 -0.164487 -0.094703 -0.957672
IK_R_Foot -0.161521 -0.018007 -1.000000
PH_R_Foot -0.161521 -0.018007 -1.000000
MH_R_Knee -0.127031 0.023876 -0.490677
RB_L_ThighRoll 0.096169 0.007326 -0.092216
RB_R_ThighRoll -0.096098 0.007373 -0.092216
SKEL_Spine_Root 0.000028 0.007130 -0.018707
SKEL_Spine0 -0.000018 0.017158 0.000000
SKEL_Spine1 0.000006 0.025219 0.084473
SKEL_Spine2 -0.000044 0.025763 0.170387
SKEL_Spine3 0.000020 0.031909 0.283119
SKEL_L_Clavicle 0.031945 -0.007254 0.500687
SKEL_L_UpperArm 0.199634 0.049423 0.458801
SKEL_L_Forearm 0.348827 0.056043 0.228859
SKEL_L_Hand 0.489616 0.041713 0.011749
SKEL_L_Finger00 0.502553 0.017632 -0.009193
SKEL_L_Finger01 0.514073 -0.012501 -0.055351
SKEL_L_Finger02 0.523444 -0.022273 -0.088707
SKEL_L_Finger10 0.564429 0.006831 -0.064804
SKEL_L_Finger11 0.584628 0.002991 -0.107407
SKEL_L_Finger12 0.583298 0.001662 -0.131439
SKEL_L_Finger20 0.566359 0.030802 -0.064713
SKEL_L_Finger21 0.579470 0.029817 -0.114830
SKEL_L_Finger22 0.574302 0.028190 -0.147224
SKEL_L_Finger30 0.555722 0.053725 -0.065681
SKEL_L_Finger31 0.569384 0.057177 -0.108032
SKEL_L_Finger32 0.563969 0.055252 -0.138153
SKEL_L_Finger40 0.540246 0.070555 -0.069176
SKEL_L_Finger41 0.556876 0.077789 -0.102852
SKEL_L_Finger42 0.553157 0.073828 -0.125107
PH_L_Hand 0.519297 0.038801 -0.033844
IK_L_Hand 0.519297 0.038801 -0.033844
RB_L_ForeArmRoll 0.419189 0.048930 0.120308
RB_L_ArmRoll 0.199634 0.049423 0.458801
MH_L_Elbow 0.349267 0.056029 0.228165
SKEL_R_Clavicle -0.031873 -0.007213 0.500687
SKEL_R_UpperArm -0.199537 0.049486 0.458801
SKEL_R_Forearm -0.348845 0.056013 0.228859
SKEL_R_Hand -0.489715 0.041773 0.011749
SKEL_R_Finger00 -0.502561 0.017564 -0.009193
SKEL_R_Finger01 -0.514073 -0.012498 -0.055359
SKEL_R_Finger02 -0.523399 -0.022239 -0.088715
SKEL_R_Finger10 -0.564529 0.006756 -0.064804
SKEL_R_Finger11 -0.584636 0.003039 -0.107407
SKEL_R_Finger12 -0.583327 0.001625 -0.131439
SKEL_R_Finger20 -0.566390 0.030816 -0.064713
SKEL_R_Finger21 -0.579429 0.029834 -0.114830
SKEL_R_Finger22 -0.574233 0.028174 -0.147224
SKEL_R_Finger30 -0.555754 0.053725 -0.065681
SKEL_R_Finger31 -0.569330 0.057079 -0.108032
SKEL_R_Finger32 -0.563901 0.055277 -0.138153
SKEL_R_Finger40 -0.540201 0.070563 -0.069176
SKEL_R_Finger41 -0.556839 0.077692 -0.102852
SKEL_R_Finger42 -0.553105 0.073760 -0.125107
PH_R_Hand -0.519213 0.038836 -0.033844
IK_R_Hand -0.519213 0.038836 -0.033844
RB_R_ForeArmRoll -0.419264 0.048867 0.120308
RB_R_ArmRoll -0.199537 0.049486 0.458801
MH_R_Elbow -0.349285 0.056027 0.228165
SKEL_Neck_1 -0.000047 0.028778 0.531601
SKEL_Head 0.000029 0.002963 0.641670
IK_Head 0.000029 0.002963 0.641670
FACIAL_facialRoot 0.000029 0.002963 0.641670
FB_L_Brow_Out_000 0.004593 -0.023370 0.715385
FB_L_Lid_Upper_000 0.030062 -0.074585 0.705917
FB_L_Eye_000 0.030062 -0.074585 0.705917
FB_L_CheekBone_000 0.015356 -0.091400 0.690880
FB_L_Lip_Corner_000 0.033574 -0.066586 0.631355
FB_R_Lid_Upper_000 -0.031484 -0.074499 0.705582
FB_R_Eye_000 -0.031484 -0.074499 0.705582
FB_R_CheekBone_000 -0.015336 -0.091487 0.690880
FB_R_Brow_Out_000 -0.005950 -0.022587 0.720558
FB_R_Lip_Corner_000 -0.032708 -0.064196 0.629501
FB_Brow_Centre_000 -0.000018 -0.005758 0.718285
FB_UpperLipRoot_000 0.000016 -0.041225 0.636742
FB_UpperLip_000 -0.000047 -0.105703 0.647934
FB_L_Lip_Top_000 0.005139 -0.104567 0.636536
FB_R_Lip_Top_000 -0.005161 -0.104639 0.636543
FB_Jaw_000 0.000011 -0.019461 0.643387
FB_LowerLipRoot_000 0.000009 -0.045612 0.624306
FB_LowerLip_000 -0.000043 -0.098301 0.619324
FB_L_Lip_Bot_000 0.004992 -0.099701 0.627777
FB_R_Lip_Bot_000 -0.006492 -0.099718 0.627777
FB_Tongue_000 0.000024 -0.063921 0.629997
RB_Neck_1 0.000042 0.015903 0.586632
IK_Root 0.000028 0.007130 -0.018707
